seq3/frame00008.png -9.204425 -8.325952 1.865559 0.658794 0.642352 -0.265608 0.287795
seq3/frame00010.png -7.821222 -7.883493 1.799984 0.669655 0.654646 -0.248093 0.247892
seq3/frame00009.png -8.482593 -8.158345 1.839166 0.670417 0.654995 -0.229830 0.262106
seq3/frame00011.png -7.370363 -7.362491 1.762970 0.675930 0.645456 -0.235910 0.266180
seq3/frame00007.png -10.064691 -8.232509 1.876426 0.640082 0.653811 -0.285512 0.285148
seq3/frame00012.png -6.922084 -6.727167 1.770181 0.674064 0.648575 -0.264191 0.234930
seq3/frame00006.png -10.815438 -8.226074 1.934376 0.642936 0.651460 -0.273952 0.295270
seq3/frame00005.png -11.543763 -7.977441 1.951143 0.633145 0.642212 -0.301952 0.309057
seq3/frame00004.png -12.357323 -7.936909 1.949609 0.638523 0.636454 -0.310773 0.301057
seq3/frame00003.png -12.534307 -7.905508 1.937112 0.634000 0.630005 -0.322161 0.312011
seq3/frame00002.png -12.499387 -7.876249 1.945435 0.634852 0.623931 -0.329884 0.314403
seq3/frame00001.png -12.561518 -7.815854 1.968957 0.636820 0.620763 -0.332124 0.314337
seq3/frame00013.png -6.521549 -6.130868 1.788032 0.670594 0.658936 -0.257596 0.223047
seq3/frame00014.png -6.148171 -5.669288 1.819518 0.681381 0.660842 -0.236312 0.207761
seq3/frame00033.png -5.521084 -4.823838 1.809773 0.639888 0.595453 -0.323341 0.362532
seq3/frame00032.png -5.087767 -5.491982 1.790948 0.658642 0.624248 -0.284084 0.309517
seq3/frame00031.png -4.469964 -6.008510 1.830431 0.671265 0.635930 -0.265027 0.273419
seq3/frame00015.png -5.582720 -5.446017 1.816215 0.695473 0.678942 -0.176133 0.155990
seq3/frame00016.png -4.911296 -5.452661 1.801211 0.707154 0.675525 -0.151235 0.143967
seq3/frame00034.png -6.112691 -4.271771 1.775936 0.624066 0.579417 -0.342478 0.396897
seq3/frame00035.png -6.551069 -3.605513 1.835739 0.625889 0.582629 -0.342169 0.389521
seq3/frame00017.png -4.284564 -5.853968 1.706372 0.703529 0.694543 -0.088048 0.122087
seq3/frame00018.png -3.597217 -6.142136 1.789907 0.698298 0.684936 -0.130520 0.161886
seq3/frame00030.png -3.894652 -6.666376 1.779038 0.682302 0.658758 -0.237545 0.209940
seq1/frame00015.png -6.732972 -6.572852 1.921548 0.645263 0.611137 -0.324639 0.323662
seq1/frame00014.png -6.227868 -7.083541 1.887613 0.667211 0.623564 -0.289091 0.287095
seq1/frame00016.png -7.450148 -6.160753 1.920637 0.630386 0.586092 -0.345522 0.373797
seq1/frame00017.png -7.997366 -5.727114 1.867325 0.624387 0.572886 -0.363282 0.387259
seq1/frame00013.png -5.496166 -7.588017 1.894850 0.663664 0.646455 -0.254834 0.276959
seq1/frame00012.png -4.827536 -7.997613 1.891794 0.675472 0.656660 -0.217603 0.255311
seq1/frame00011.png -4.265172 -8.377418 1.905215 0.694707 0.672100 -0.174035 0.188082
seq1/frame00010.png -3.590961 -8.820725 1.868076 0.704100 0.652990 -0.177909 0.214934
seq1/frame00009.png -2.917586 -9.130987 1.863685 0.722286 0.643202 -0.158027 0.199049
seq1/frame00008.png -2.344894 -9.499715 1.811798 0.728987 0.666492 -0.101604 0.118504
seq1/frame00007.png -1.691234 -9.851344 1.787511 0.744314 0.650809 -0.115803 0.095047
seq1/frame00006.png -1.074073 -10.157045 1.800705 0.743901 0.654718 -0.114650 0.069354
seq1/frame00005.png -0.713350 -10.492572 1.837435 0.739669 0.659076 -0.107150 0.083834
seq1/frame00002.png -0.179848 -10.468066 1.825172 0.710979 0.683292 -0.124735 0.109825
seq1/frame00001.png -0.157816 -10.413150 1.832074 0.712261 0.682691 -0.123193 0.106962
seq1/frame00003.png -0.203156 -10.539543 1.816328 0.710417 0.684213 -0.123229 0.109429
seq1/frame00004.png -0.234021 -10.577577 1.815344 0.707729 0.687557 -0.117052 0.112624
seq1/frame00018.png -8.572518 -5.239927 1.894682 0.636080 0.554364 -0.353083 0.404246
seq1/frame00019.png -9.066037 -4.718690 1.962755 0.624695 0.555621 -0.360716 0.413432
seq1/frame00020.png -9.548701 -4.138035 1.984069 0.623732 0.544593 -0.376832 0.415179
seq1/frame00021.png -10.011516 -3.493619 1.998233 0.599408 0.549285 -0.395145 0.427617
seq3/frame00027.png -2.149483 -8.237167 1.720392 0.723006 0.653994 -0.180422 0.130394
seq3/frame00025.png -1.193414 -9.038574 1.716605 0.726958 0.663865 -0.133761 0.113679
seq3/frame00023.png -0.897731 -8.755787 1.715763 0.709021 0.683394 -0.087144 0.150562
seq3/frame00024.png -0.883034 -9.021782 1.715449 0.726089 0.673212 -0.090490 0.106734
seq3/frame00026.png -1.661563 -8.680400 1.678716 0.719146 0.675064 -0.135525 0.093548
seq3/frame00022.png -1.408711 -8.302488 1.689914 0.697196 0.692809 -0.124062 0.136171
seq3/frame00019.png -3.087392 -6.749714 1.777553 0.697900 0.680745 -0.152138 0.162403
seq3/frame00021.png -1.940175 -7.972998 1.728171 0.698045 0.682803 -0.131447 0.170983
seq3/frame00028.png -2.714449 -7.713044 1.731572 0.692494 0.671313 -0.204656 0.167053
seq3/frame00020.png -2.519084 -7.232577 1.755482 0.691794 0.686385 -0.154745 0.162330
seq3/frame00036.png -7.033434 -3.024124 1.849594 0.595203 0.564339 -0.375454 0.431612
seq1/frame00022.png -10.413126 -2.892031 1.978951 0.600739 0.528284 -0.407194 0.440706
seq1/frame00023.png -10.772741 -2.154247 2.007878 0.591560 0.516274 -0.413357 0.461144
seq1/frame00024.png -11.072366 -1.440274 2.013823 0.595701 0.519407 -0.413601 0.451985
seq1/frame00025.png -11.553938 -0.844485 1.977193 0.582021 0.495018 -0.444286 0.467780
seq1/frame00026.png -12.284356 0.327062 2.283350 0.562378 0.495642 -0.471040 0.464963
seq3/frame00029.png -3.412041 -7.270095 1.722820 0.686466 0.675241 -0.188631 0.192960
seq3/frame00037.png -7.321289 -2.289600 1.782636 0.575363 0.530578 -0.425189 0.454597
seq3/frame00038.png -7.706399 -1.570649 1.798517 0.555533 0.504757 -0.435527 0.496910
seq3/frame00041.png -8.410961 0.772992 1.769022 0.513717 0.505535 -0.446774 0.530021
seq3/frame00042.png -8.632950 1.613032 1.770711 0.506763 0.489046 -0.456901 0.543384
seq3/frame00040.png -8.257336 -0.034491 1.794163 0.510845 0.498979 -0.452699 0.533967
seq3/frame00039.png -8.019159 -0.874265 1.708922 0.528408 0.479507 -0.477394 0.512789
seq3/frame00043.png -8.661426 2.363720 1.688996 0.478518 0.481481 -0.478296 0.557162
seq3/frame00044.png -8.641550 3.233202 1.730178 0.472924 0.468858 -0.471698 0.577941
seq3/frame00045.png -8.567846 3.911981 1.659536 0.440693 0.447087 -0.503891 0.593293
seq3/frame00046.png -8.356992 4.756325 1.687753 0.445737 0.440207 -0.488373 0.607477
seq1/frame00029.png -12.630668 1.727297 2.285605 0.525995 0.488525 -0.478341 0.505828
seq1/frame00030.png -12.380997 2.330192 2.050663 0.501165 0.467195 -0.495135 0.534232
seq1/frame00031.png -11.929746 2.788310 2.013847 0.534606 0.507188 -0.462971 0.492559
seq1/frame00028.png -12.567444 1.150420 1.990943 0.536485 0.466643 -0.486631 0.507561
seq3/frame00047.png -8.235485 5.457065 1.509935 0.421393 0.425189 -0.511059 0.616815
seq3/frame00058.png -7.155314 11.707927 1.676865 0.249221 0.303145 -0.594425 0.701891
seq3/frame00059.png -7.083266 12.382244 1.709602 0.253867 0.292059 -0.611952 0.689760
seq3/frame00060.png -7.175532 13.209772 1.714120 0.231458 0.298655 -0.609548 0.696910
seq3/frame00057.png -6.897384 11.077228 1.710850 0.292047 0.338442 -0.578769 0.682050
seq3/frame00056.png -6.537202 10.645053 1.652116 0.319374 0.339410 -0.572817 0.674301
seq3/frame00061.png -6.958874 13.887004 1.703341 0.251140 0.292340 -0.620641 0.682840
seq3/frame00062.png -7.067930 14.704240 1.688017 0.242470 0.301260 -0.614497 0.687637
seq3/frame00063.png -6.722604 15.347942 1.708965 0.239349 0.300699 -0.618660 0.685238
seq3/frame00064.png -6.619851 16.116224 1.715629 0.240503 0.278420 -0.613305 0.698926
seq3/frame00065.png -6.359540 16.699919 1.719080 0.224872 0.256852 -0.632942 0.694869
seq3/frame00066.png -6.000021 17.133140 1.800583 0.199560 0.202955 -0.655869 0.699157
seq3/frame00067.png -5.877576 17.532507 1.766703 0.165579 0.158985 -0.674412 0.701767
seq3/frame00054.png -6.078710 9.865115 1.612864 0.416092 0.386331 -0.519925 0.638196
seq3/frame00053.png -6.267061 9.254948 1.689404 0.368823 0.374108 -0.537876 0.659319
seq3/frame00052.png -6.628597 8.591597 1.586498 0.361752 0.384281 -0.549167 0.647981
seq3/frame00051.png -7.024091 8.116442 1.797238 0.347283 0.391648 -0.547862 0.652575
seq3/frame00048.png -7.952072 6.189677 1.622417 0.420748 0.433859 -0.505732 0.615608
seq3/frame00050.png -7.346703 7.470918 1.627096 0.388847 0.414388 -0.525148 0.633483
seq3/frame00049.png -7.742507 6.892044 1.696611 0.388889 0.423422 -0.520444 0.631361
seq1/frame00032.png -11.698486 3.262359 1.910715 0.544009 0.538043 -0.465542 0.444786
seq1/frame00027.png -12.465649 0.317146 2.256936 0.549375 0.490525 -0.463330 0.492847
seq1/frame00033.png -11.364860 3.822912 1.917987 0.545309 0.555409 -0.451613 0.436125
seq1/frame00034.png -11.303455 4.451127 1.853675 0.550842 0.543287 -0.448564 0.447439
seq1/frame00035.png -11.192250 4.840878 1.852145 0.554431 0.546593 -0.455604 0.431588
seq1/frame00036.png -11.108467 5.492242 1.831950 0.549615 0.543951 -0.453159 0.443495
seq3/frame00055.png -6.234778 10.391597 2.095708 0.380323 0.382073 -0.550416 0.637508
seq2/frame00008.png -9.019933 -8.666772 1.869336 0.643663 0.663484 -0.290080 0.247671
seq2/frame00007.png -9.663778 -8.502371 1.888298 0.646109 0.643485 -0.299889 0.280243
seq2/frame00005.png -10.899599 -8.262960 1.885630 0.639442 0.656044 -0.304822 0.260390
seq2/frame00003.png -11.538824 -8.112645 1.924713 0.638719 0.633004 -0.312232 0.306358
seq2/frame00002.png -11.571129 -8.124575 1.927274 0.639631 0.633421 -0.311817 0.304007
seq2/frame00004.png -11.355083 -8.097187 1.931257 0.639322 0.626909 -0.324235 0.305162
seq2/frame00001.png -11.664603 -8.199192 1.947634 0.639489 0.635026 -0.309130 0.303701
seq2/frame00009.png -8.325061 -8.790656 1.873442 0.629068 0.657017 -0.322297 0.262159
seq2/frame00010.png -7.762332 -9.037367 1.890945 0.640761 0.668777 -0.299954 0.228452
seq2/frame00151.png -4.947846 -5.918363 1.781243 0.640033 0.603907 -0.305895 0.363431
seq2/frame00152.png -5.389339 -5.243788 1.793859 0.641768 0.598124 -0.329105 0.349388
seq2/frame00153.png -6.064936 -4.608888 1.779332 0.639036 0.598111 -0.320461 0.362216
seq2/frame00121.png -4.856546 -5.198582 1.848125 0.659192 0.632191 -0.320847 0.250714
seq2/frame00122.png -4.770333 -6.061088 1.823546 0.680053 0.630572 -0.297495 0.226724
seq2/frame00120.png -5.034016 -4.493431 1.853707 0.650055 0.621967 -0.338909 0.275184
seq2/frame00150.png -4.215035 -6.498385 1.788368 0.639687 0.621265 -0.317266 0.322759
seq2/frame00123.png -4.478053 -6.699937 1.824509 0.677662 0.630358 -0.308967 0.219004
seq2/frame00154.png -6.564058 -4.015258 1.822987 0.627040 0.604066 -0.323936 0.370121
seq2/frame00155.png -7.119370 -3.327144 1.822088 0.626856 0.597427 -0.330200 0.375634
seq2/frame00011.png -7.083651 -9.075439 1.867433 0.649007 0.662800 -0.301987 0.219751
seq2/frame00012.png -6.355244 -9.202148 1.832090 0.656384 0.662601 -0.286306 0.219428
seq2/frame00149.png -3.703773 -7.140176 1.775933 0.654702 0.617801 -0.292498 0.322693
seq2/frame00013.png -5.627983 -9.337562 1.781763 0.655507 0.667736 -0.281710 0.212316
seq2/frame00231.png -12.459448 -5.551986 2.038282 0.614812 0.600801 -0.349748 0.372452
seq2/frame00228.png -11.372489 -4.072622 1.981596 0.617756 0.601778 -0.361905 0.353929
seq2/frame00229.png -11.805771 -4.403497 2.001193 0.592512 0.621415 -0.382561 0.341203
seq2/frame00227.png -11.000229 -3.505645 1.981290 0.614000 0.538343 -0.448130 0.363827
seq2/frame00127.png -3.791240 -9.746440 1.749586 0.709961 0.675550 -0.177331 0.090231
seq2/frame00128.png -3.574997 -10.484119 1.798585 0.701926 0.692980 -0.155302 0.054395
seq2/frame00129.png -3.242547 -11.162516 1.811697 0.695256 0.698768 -0.162890 0.042535
seq2/frame00130.png -2.741539 -11.648919 1.849758 0.700211 0.686851 -0.188466 0.049204
seq2/frame00131.png -2.210332 -12.230947 1.846166 0.702174 0.691827 -0.163579 0.039620
seq2/frame00132.png -1.586775 -12.706724 1.865754 0.709125 0.686357 -0.159444 0.025162
seq2/frame00143.png 0.037554 -10.945637 1.778206 0.722410 0.673041 -0.086115 0.133130
seq2/frame00144.png -0.569555 -10.362099 1.745087 0.719157 0.667079 -0.138088 0.136934
seq2/frame00145.png -1.319613 -9.838111 1.695733 0.713242 0.646763 -0.184430 0.197403
seq2/frame00133.png -0.997247 -13.139592 1.884191 0.706508 0.695787 -0.128828 0.011449
seq2/frame00134.png -0.495292 -13.431373 1.852641 0.712002 0.691090 -0.122123 0.023094
seq2/frame00018.png -1.671369 -9.767439 1.698268 0.684833 0.677071 -0.227987 0.143529
seq2/frame00017.png -2.486688 -9.694231 1.705779 0.677922 0.689801 -0.205462 0.149603
seq2/frame00146.png -1.811064 -9.015726 1.662390 0.698601 0.640051 -0.234013 0.218014
seq2/frame00019.png -0.987356 -9.904027 1.699195 0.685363 0.698490 -0.174422 0.109385
seq2/frame00020.png -0.180835 -9.947739 1.707626 0.691153 0.686189 -0.192843 0.119431
seq2/frame00126.png -3.994923 -9.047300 1.842031 0.709817 0.661311 -0.206052 0.127944
seq2/frame00147.png -2.548680 -8.460766 1.731382 0.675572 0.641080 -0.250886 0.263961
seq2/frame00016.png -3.240798 -9.508576 1.731322 0.669546 0.682900 -0.247689 0.154940
seq2/frame00148.png -3.023834 -7.725760 1.737599 0.640233 0.640358 -0.295432 0.304571
seq2/frame00135.png 0.204304 -13.847209 1.850355 0.708764 0.695599 -0.117389 0.003967
seq2/frame00014.png -4.795787 -9.432166 1.780116 0.658304 0.670050 -0.271119 0.210152
seq2/frame00125.png -4.161819 -8.327572 1.792255 0.701446 0.663777 -0.222663 0.133394
seq2/frame00136.png 0.715934 -13.933299 1.814546 0.704790 0.703169 -0.092184 -0.018074
seq2/frame00142.png 0.703534 -11.389067 1.772241 0.725192 0.686598 -0.015510 0.049389
seq2/frame00137.png 1.242548 -14.108499 1.780450 0.700132 0.712296 -0.045816 -0.018720
seq2/frame00015.png -3.988494 -9.349111 1.728554 0.651347 0.695494 -0.241986 0.182971
seq2/frame00119.png -5.147705 -3.699623 1.860379 0.649906 0.621239 -0.337195 0.279255
seq2/frame00226.png -10.831828 -2.733859 1.963468 0.611017 0.519150 -0.452222 0.390687
seq2/frame00124.png -4.328037 -7.579946 1.820470 0.703120 0.636051 -0.265054 0.175521
seq2/frame00156.png -7.526282 -2.690249 1.849407 0.593404 0.585067 -0.371133 0.409669
seq2/frame00021.png 0.563310 -10.049710 1.683433 0.689333 0.712383 -0.116854 0.060617
seq2/frame00138.png 1.610543 -13.840920 1.735329 0.702669 0.708706 0.013060 -0.061820
seq2/frame00141.png 1.186577 -11.995704 1.731091 0.695425 0.718370 0.014952 -0.010264
seq2/frame00139.png 1.834467 -13.297903 1.775628 0.706106 0.699242 0.046223 -0.101682
seq2/frame00140.png 1.641768 -12.668030 1.713505 0.704715 0.700746 0.073341 -0.083389
seq2/frame00225.png -10.461217 -2.006601 1.916217 0.608015 0.525534 -0.436123 0.404882
seq2/frame00118.png -5.442720 -3.016936 1.828574 0.643992 0.607891 -0.360729 0.292606
seq2/frame00157.png -7.911771 -2.072146 1.852263 0.564299 0.563751 -0.406892 0.445186
seq2/frame00158.png -8.478839 -1.423201 1.814561 0.545504 0.566603 -0.399841 0.470652
seq2/frame00117.png -5.493448 -2.234548 1.782833 0.634263 0.584442 -0.383708 0.330009
seq2/frame00224.png -10.317241 -1.310241 1.841321 0.575066 0.523550 -0.482998 0.402378
seq2/frame00159.png -8.912895 -0.740636 1.856318 0.562400 0.559133 -0.392116 0.466177
seq2/frame00223.png -10.010239 -0.570879 1.884455 0.565106 0.485836 -0.502510 0.438294
seq2/frame00160.png -9.454392 -0.106743 1.877725 0.563539 0.562345 -0.395771 0.457774
seq2/frame00222.png -9.699924 0.186755 1.866394 0.562180 0.492595 -0.501203 0.436005
seq2/frame00161.png -9.892956 0.526252 1.819819 0.578087 0.563158 -0.393672 0.440103
seq2/frame00162.png -10.325123 1.140654 1.875053 0.546720 0.526939 -0.426317 0.491616
seq2/frame00163.png -10.689498 1.836192 1.874906 0.543321 0.549139 -0.416758 0.479125
seq2/frame00022.png 1.312553 -10.068251 1.686563 0.684162 0.722880 -0.092714 0.027770
seq2/frame00023.png 2.044340 -10.190673 1.664761 0.693013 0.715073 -0.089597 0.019394
seq2/frame00221.png -9.404969 1.011613 1.852461 0.539229 0.488610 -0.505389 0.463761
seq2/frame00220.png -8.951267 1.827092 1.917183 0.498013 0.466482 -0.527719 0.505855
seq2/frame00230.png -12.227476 -4.971431 2.011527 0.602310 0.625405 -0.348584 0.352960
seq2/frame00116.png -5.636499 -1.504344 1.685585 0.612150 0.593959 -0.391477 0.345298
seq2/frame00219.png -8.653273 2.580733 1.858358 0.451526 0.408722 -0.577525 0.543631
seq2/frame00168.png -11.336556 5.558606 1.749143 0.450189 0.423251 -0.520874 0.588964
seq2/frame00167.png -11.485007 4.821822 1.844184 0.467201 0.452297 -0.507520 0.565309
seq2/frame00166.png -11.589746 3.989499 1.785117 0.492180 0.473543 -0.484656 0.546466
seq2/frame00115.png -5.725836 -0.808550 1.717295 0.592079 0.543879 -0.433964 0.406588
seq2/frame00114.png -5.687950 -0.061725 1.736973 0.576699 0.533635 -0.460411 0.413126
seq2/frame00113.png -5.759217 0.652075 1.737995 0.555645 0.516832 -0.474400 0.446193
seq2/frame00112.png -5.689464 1.460177 1.735553 0.521196 0.493862 -0.507198 0.476660
seq2/frame00111.png -5.703556 2.196457 1.730314 0.504990 0.495117 -0.516954 0.482289
seq2/frame00110.png -5.620878 2.965079 1.734095 0.468486 0.460956 -0.543200 0.522468
seq2/frame00109.png -5.648277 3.696844 1.721670 0.460894 0.438597 -0.550861 0.540149
seq2/frame00170.png -10.791649 6.871486 1.703227 0.421031 0.392445 -0.531238 0.621696
seq2/frame00171.png -10.424402 7.496111 1.763729 0.377380 0.357676 -0.547668 0.655524
seq2/frame00172.png -9.962445 8.120311 1.738996 0.373193 0.344992 -0.552985 0.660238
seq2/frame00173.png -9.651668 8.797229 1.619726 0.344412 0.330451 -0.561656 0.675814
seq2/frame00175.png -8.842489 10.239599 1.698494 0.357661 0.320024 -0.564925 0.671210
seq2/frame00176.png -8.532889 10.954326 1.672294 0.348467 0.300058 -0.585013 0.668054
seq2/frame00174.png -9.056567 9.532538 1.630133 0.370373 0.351430 -0.547752 0.662789
seq2/frame00177.png -8.209253 11.685034 1.703028 0.331903 0.264228 -0.595705 0.682026
seq2/frame00178.png -7.919058 12.444492 1.620285 0.365035 0.283423 -0.577068 0.673360
seq2/frame00169.png -11.169055 6.120239 1.714486 0.414578 0.403636 -0.542770 0.608773
seq2/frame00179.png -7.685779 13.181154 1.697555 0.326759 0.288310 -0.595826 0.674609
seq2/frame00180.png -7.451647 13.965758 1.644544 0.323164 0.324505 -0.586477 0.668062
seq2/frame00181.png -7.483526 14.911510 1.702725 0.371898 0.329773 -0.561581 0.661490
seq2/frame00182.png -7.372075 15.708335 1.774092 0.359662 0.307799 -0.588134 0.655745
seq2/frame00210.png -6.165049 10.370845 1.802242 0.354425 0.324044 -0.633127 0.607066
seq2/frame00209.png -6.015384 11.242051 1.794718 0.350453 0.320031 -0.632399 0.612237
seq2/frame00208.png -5.854255 12.090822 1.814565 0.325605 0.288018 -0.642407 0.631143
seq2/frame00183.png -7.309963 16.533336 1.681577 0.363611 0.298293 -0.579668 0.665427
seq2/frame00184.png -7.371616 17.247888 1.677687 0.377012 0.307830 -0.574821 0.657787
seq2/frame00206.png -5.792117 13.769241 1.799861 0.284193 0.260024 -0.656619 0.648439
seq2/frame00079.png -5.928128 13.981828 1.715197 0.241428 0.328699 -0.639407 0.651788
seq2/frame00205.png -5.765113 14.610729 1.794978 0.274754 0.269094 -0.666189 0.638976
seq2/frame00080.png -5.719398 14.701990 1.777537 0.267977 0.332045 -0.624150 0.654501
seq2/frame00204.png -5.741874 15.449053 1.802679 0.244647 0.224773 -0.683154 0.650328
seq2/frame00081.png -5.568894 15.393207 1.784776 0.230885 0.314868 -0.624396 0.676520
seq2/frame00203.png -5.736442 16.301746 1.815823 0.229979 0.223345 -0.690542 0.648366
seq2/frame00202.png -5.703567 17.147084 1.793117 0.224006 0.200808 -0.691427 0.656830
seq2/frame00082.png -5.235935 15.913972 1.791921 0.196361 0.259737 -0.651190 0.685515
seq2/frame00096.png -4.395268 12.703411 1.813193 0.245748 0.237294 -0.670743 0.658334
seq2/frame00095.png -4.361398 13.328298 1.817600 0.239020 0.193245 -0.675121 0.670624
seq2/frame00094.png -4.259221 13.929587 1.838765 0.222567 0.212724 -0.678815 0.666651
seq2/frame00093.png -4.281184 14.538761 1.858831 0.227726 0.205744 -0.683154 0.662654
seq2/frame00092.png -4.216316 15.156404 1.853402 0.225864 0.195208 -0.686419 0.663105
seq2/frame00083.png -4.919282 16.502224 1.747228 0.161676 0.219337 -0.666965 0.693476
seq2/frame00091.png -4.260509 15.790958 1.845197 0.220468 0.211216 -0.688399 0.657942
seq2/frame00090.png -4.278925 16.374083 1.843343 0.208038 0.184616 -0.690077 0.668155
seq2/frame00084.png -4.525934 16.946718 1.759915 0.157512 0.180479 -0.679157 0.693804
seq2/frame00089.png -4.256986 16.819801 1.884014 0.196919 0.199323 -0.680626 0.676936
seq2/frame00085.png -4.244145 17.231065 1.846894 0.166320 0.165421 -0.688164 0.686589
seq2/frame00088.png -4.272024 17.258266 1.860382 0.203359 0.200803 -0.688948 0.666089
seq2/frame00087.png -4.108819 17.414077 1.843720 0.195653 0.178972 -0.682447 0.681143
seq2/frame00086.png -4.041933 17.424460 1.846404 0.154464 0.125012 -0.702018 0.683874
seq2/frame00201.png -5.641475 17.990192 1.796935 0.232995 0.208032 -0.687556 0.655517
seq2/frame00200.png -5.635168 18.844572 1.833981 0.201708 0.170033 -0.689826 0.674198
seq2/frame00199.png -5.696345 19.615250 1.805217 0.207261 0.177007 -0.683406 0.677250
seq2/frame00198.png -5.764679 20.346144 1.763511 0.191875 0.153683 -0.689435 0.681355
seq2/frame00097.png -4.375317 12.062987 1.847182 0.261043 0.236125 -0.669945 0.653663
seq2/frame00197.png -6.278454 21.076511 1.821100 0.189046 0.171020 -0.697953 0.669235
seq2/frame00196.png -6.759815 21.551937 1.826404 0.207821 0.177726 -0.697707 0.662140
seq2/frame00195.png -7.279255 21.862726 1.796322 0.222736 0.197977 -0.705515 0.642995
seq2/frame00098.png -4.518865 11.461651 1.824798 0.270589 0.259773 -0.661237 0.649665
seq2/frame00187.png -7.861156 19.285141 1.964907 0.249392 0.238851 -0.654886 0.672219
seq2/frame00188.png -7.933637 19.793789 1.693709 0.165843 0.186545 -0.668382 0.700687
seq2/frame00189.png -8.349156 20.250577 1.875939 0.182816 0.180983 -0.675971 0.690570
seq2/frame00190.png -8.681493 20.839517 1.711067 0.154018 0.185613 -0.666858 0.705072
seq2/frame00191.png -9.030763 21.138504 1.716182 0.199531 0.211885 -0.685096 0.667784
seq2/frame00192.png -8.883655 21.515125 1.755164 0.186295 0.213823 -0.696842 0.658775
seq2/frame00186.png -7.640245 18.715650 1.899231 0.336262 0.311616 -0.604632 0.651339
seq2/frame00194.png -7.955100 21.858954 1.791461 0.229879 0.208082 -0.706498 0.636175
seq2/frame00193.png -8.506847 21.822486 1.754049 0.221182 0.225158 -0.712651 0.626506
seq2/frame00099.png -4.523663 10.787994 1.866437 0.252738 0.234656 -0.693727 0.632300
seq2/frame00100.png -4.821102 10.139854 1.847898 0.256847 0.233166 -0.683609 0.642138
seq2/frame00185.png -7.440450 18.032106 1.706797 0.412454 0.328497 -0.563265 0.636163
seq2/frame00207.png -5.848277 12.924791 1.783053 0.314926 0.300414 -0.646857 0.626218
seq2/frame00212.png -6.573385 8.683190 1.773903 0.385160 0.351071 -0.610487 0.596412
seq2/frame00211.png -6.387891 9.541506 1.779499 0.372638 0.340229 -0.622732 0.597989
seq2/frame00103.png -5.350353 8.038461 1.730668 0.271980 0.284766 -0.658223 0.641622
seq2/frame00104.png -5.408706 7.334085 1.713394 0.284579 0.271344 -0.655775 0.644473
seq2/frame00102.png -5.194922 8.699517 1.700812 0.250855 0.239864 -0.680955 0.644854
seq2/frame00105.png -5.462833 6.603543 1.666617 0.321326 0.300265 -0.644422 0.625548
seq2/frame00106.png -5.452337 5.850613 1.676036 0.354342 0.324042 -0.622852 0.617652
seq2/frame00076.png -5.954780 11.995050 1.729774 0.322634 0.396903 -0.580131 0.633895
seq2/frame00107.png -5.501428 5.132852 1.754292 0.396159 0.371507 -0.605301 0.581938
seq2/frame00213.png -6.894183 7.751222 1.769806 0.410928 0.368641 -0.603018 0.575857
seq2/frame00108.png -5.539840 4.383329 1.709049 0.406091 0.392443 -0.593793 0.573139
seq2/frame00078.png -5.879770 13.268714 1.765259 0.257032 0.361082 -0.630965 0.636740
seq2/frame00101.png -4.878566 9.365202 1.690486 0.215062 0.212568 -0.701627 0.645200
seq2/frame00071.png -6.100262 8.164749 1.739709 0.419132 0.448208 -0.522754 0.591748
seq2/frame00070.png -6.088437 7.490436 1.757326 0.421929 0.459517 -0.510125 0.592108
seq2/frame00077.png -6.003867 12.633731 1.700043 0.313813 0.414610 -0.593310 0.614494
seq2/frame00217.png -7.926194 4.346459 1.771126 0.473866 0.417448 -0.568861 0.526863
seq2/frame00214.png -6.972502 6.974036 1.784644 0.419456 0.384356 -0.594958 0.567761
seq2/frame00069.png -6.003316 6.743774 1.735545 0.429089 0.482411 -0.492866 0.583306
seq2/frame00068.png -5.997003 5.813456 1.732388 0.444835 0.483665 -0.484647 0.577327
seq2/frame00067.png -5.767985 5.072712 1.737025 0.465292 0.495613 -0.470040 0.562968
seq2/frame00066.png -5.654402 4.225546 1.749571 0.472339 0.506262 -0.465006 0.551691
seq2/frame00065.png -5.386792 3.536114 1.771120 0.514442 0.516962 -0.440283 0.523690
seq2/frame00064.png -5.112845 2.716440 1.775238 0.500845 0.526063 -0.456558 0.513776
seq2/frame00063.png -4.879341 2.001271 1.715004 0.531959 0.538949 -0.414829 0.504451
seq2/frame00215.png -7.338898 6.039293 1.718691 0.461058 0.415950 -0.574009 0.533784
seq2/frame00062.png -4.648634 1.188964 1.718106 0.533455 0.548409 -0.423616 0.484998
seq2/frame00165.png -11.302892 3.297154 1.833456 0.536909 0.512285 -0.455176 0.492045
seq2/frame00072.png -6.138024 8.941007 1.788611 0.400601 0.459373 -0.563494 0.557646
seq2/frame00024.png 2.773261 -10.186876 1.643419 0.688510 0.723839 -0.043662 -0.010204
seq2/frame00075.png -6.099874 11.169496 1.605286 0.337739 0.416855 -0.580465 0.612556
seq2/frame00074.png -6.035634 10.536116 1.913720 0.331359 0.426852 -0.583052 0.606671
seq2/frame00073.png -6.072508 9.737768 1.614342 0.386699 0.441541 -0.574262 0.570727
seq2/frame00006.png -10.167713 -8.257542 1.991857 0.633102 0.658194 -0.336410 0.229763
seq2/frame00164.png -11.086072 2.608641 1.879094 0.532288 0.532465 -0.422865 0.504316
seq2/frame00216.png -7.434938 5.214279 1.815189 0.445180 0.400399 -0.593081 0.538285
seq2/frame00059.png -3.694854 -0.929666 1.730855 0.616375 0.599435 -0.324310 0.394439
seq2/frame00061.png -4.420330 0.465184 1.734583 0.583475 0.548462 -0.389229 0.455243
seq2/frame00057.png -2.569830 -2.083944 1.771941 0.625994 0.633134 -0.301341 0.341272
seq2/frame00056.png -1.946737 -2.554118 1.777569 0.649735 0.648768 -0.263105 0.296175
seq2/frame00058.png -3.086691 -1.493452 1.736323 0.618302 0.618968 -0.326578 0.357671
seq2/frame00055.png -1.333611 -3.032570 1.785520 0.636164 0.636961 -0.286389 0.327958
seq2/frame00054.png -0.695254 -3.435400 1.770533 0.660529 0.651841 -0.243484 0.281994
seq2/frame00053.png -0.109239 -3.848935 1.768510 0.668684 0.659656 -0.228574 0.255871
seq2/frame00052.png 0.568127 -4.172485 1.763272 0.705598 0.668547 -0.160317 0.171684
seq2/frame00051.png 1.213388 -4.516148 1.754529 0.711832 0.693374 -0.072834 0.084991
seq2/frame00050.png 1.978865 -4.768989 1.716670 0.729014 0.683432 0.037585 -0.006806
seq2/frame00049.png 2.691035 -4.944397 1.704916 0.720544 0.690845 0.037690 -0.046150
seq2/frame00027.png 4.933825 -10.159637 1.574662 0.684807 0.717003 0.050741 -0.119882
seq2/frame00026.png 4.250851 -10.194807 1.563036 0.663700 0.739368 0.051512 -0.100917
seq2/frame00028.png 5.644449 -9.965472 1.579954 0.689164 0.715389 0.054588 -0.101454
seq2/frame00029.png 6.280094 -9.754399 1.569198 0.700991 0.701682 0.061789 -0.111520
seq2/frame00030.png 7.002099 -9.506314 1.575289 0.683371 0.709529 0.095420 -0.143066
seq2/frame00031.png 7.625992 -9.122956 1.596652 0.679973 0.705927 0.106484 -0.167230
seq2/frame00032.png 8.276518 -8.744972 1.590203 0.653634 0.711063 0.155637 -0.207193
seq2/frame00033.png 8.817048 -8.221924 1.587895 0.650108 0.708256 0.163469 -0.221384
seq2/frame00034.png 9.330071 -7.678051 1.560273 0.639938 0.706028 0.188731 -0.237455
seq2/frame00035.png 9.738129 -7.139771 1.548370 0.639674 0.709244 0.190617 -0.226837
seq2/frame00036.png -5.122666 -5.459624 -0.334044 0.460209 -0.828325 0.109446 0.300178
seq2/frame00043.png -3.541003 -3.207410 2.198234 0.410310 -0.785844 0.087077 0.454437
seq2/frame00045.png 5.775560 -5.221096 1.664916 0.727222 0.663691 0.109771 -0.136428
seq2/frame00048.png 3.451472 -5.133945 1.674498 0.733481 0.668090 0.092187 -0.084636
seq2/frame00046.png 4.973067 -5.205913 1.661016 0.734641 0.665480 0.094726 -0.092008
seq2/frame00047.png 4.247172 -5.185575 1.661709 0.729125 0.675497 0.078982 -0.076433
seq2/frame00060.png -4.029592 -0.239856 1.712307 0.564992 0.596479 -0.375796 0.428689
seq2/frame00040.png 9.308573 -5.294928 1.561339 0.663061 0.698126 0.181715 -0.199875
seq2/frame00025.png 3.539540 -10.379131 1.609592 0.684892 0.721707 0.020530 -0.098181
seq2/frame00218.png -8.079418 3.259267 1.846757 0.480219 0.419148 -0.566370 0.522427
seq2/frame00038.png 10.226756 -5.568216 1.509250 0.627929 0.716018 0.203977 -0.226753
seq2/frame00039.png 9.866356 -5.326474 1.531824 0.649525 0.707758 0.203775 -0.188871
seq2/frame00041.png 8.612119 -5.203787 1.588612 0.680290 0.671971 0.208916 -0.204976
seq2/frame00042.png 7.927693 -5.257684 1.607108 0.675487 0.675286 0.227293 -0.189851
seq2/frame00044.png 6.495789 -5.216931 1.625011 0.733103 0.645670 0.156193 -0.145859
seq2/frame00037.png 10.330683 -6.151677 1.560209 0.603386 0.701588 0.237645 -0.295339
